0.50
0.50
0.48
0.48
0.48
0.50
0.50
0.50
0.50
0.50
0.50
0.50
0.50
0.50
0.48
0.50
0.50
0.50
0.50
0.50
0.50
0.50
0.50
0.50
0.48
0.50
0.50
0.50
0.48
0.50
0.50
0.50
0.50
0.50
0.50
0.50
0.50
0.50
0.50
0.50
0.50
0.50
0.50
0.50
0.50
0.50
0.48
0.53
0.50
0.50
0.50
0.50
0.48
0.50
0.50
0.50
0.50
0.48
0.50
0.50
0.50
0.50
0.50
0.50
0.50
0.50
0.50
0.50
0.50
0.50
0.50
0.50
0.50
0.50
0.50
0.48
0.48
0.50
0.50
0.50
0.50
0.50
0.50
0.50
0.50
0.50
0.50
0.48
0.50
0.50
0.50
0.50
0.50
0.48
0.50
0.50
0.50
0.50
0.50
0.50
0.50
0.48
0.50
0.50
0.50
0.50
0.50
0.50
0.48
0.50
0.48
0.50
0.50
0.48
0.50
0.50
0.50
0.50
0.50
0.50
0.48
0.62
0.50
0.50
0.50
0.50
0.50
0.50
0.50
0.50
0.50
0.50
0.50
0.50
0.50
0.50
0.50
0.50
0.50
0.50
0.50
0.50
0.50
0.50
0.50
0.50
0.50
0.50
0.48
0.50
0.50
0.50
0.50
0.50
0.50
0.50
0.50
0.50
0.48
0.50
0.50
0.48
0.50
0.50
0.50
0.50
0.48
0.50
0.50
0.50
0.50
0.50
0.50
0.50
0.50
0.50
0.50
0.50
0.50
0.50
0.50
0.50
0.50
0.50
0.50
0.50
0.50
0.50
0.50
0.50
0.48
0.50
0.50
0.48
0.50
0.50
0.50
0.50
0.50
0.50
0.50
0.50
0.50
0.50
0.50
0.50
0.50
0.50
0.50
0.55
0.50
0.50
0.50
0.50
0.50
0.50
0.50
0.50
0.50
0.50
0.50
0.50
0.50
0.50
0.50
0.55
0.50
0.50
0.50
0.50
0.45
0.50
0.50
0.50
0.50
0.50
0.48
0.50
0.50
0.48
0.50
0.50
0.50
0.50
0.53
0.50
0.48
0.50
0.50
0.50
mean : 0.50 std : 0.01
Raw elapsed time: 1517
Elapsed time: 0h 0m 1s 517ms